_mon 217542E8
_atk 18E09DCC

_mon - _atk = 894A51C

_mon 232E3564
_atk 18F12A88

_mon - _atk = A3D0ADC

00 00 00 00 00 00 3C 40 00 00 00 00 00 00 00 00 00 00 00 00 00 00 00 00 00 00 00 00 FF FF FF 00 00 00 00 00 00 00 00 00 00 00 00 00 FF FF FF 00 ?? ?? ?? ?? ?? ?? ?? ?? 00 00 00 00 00 00 00 00 00 00 00 00 00 00 00 00 00 00 00 00 FF FF FF 00 00 00 00 00 00 00 00 00 00 00 00 00 FF FF FF 00 00 00 00 00 00 00 00 00 00 00 00 00 FF FF FF 00 00 00 00 00 00 00 00 00 00 00 00 00 FF FF FF 00 00 00 00 00 00 00 00 00 00 00 00 00 FF FF FF 00 00 00 00 00 00 00 00 00 00 00 00 00 FF FF FF 00 00 00 00 00 00 00 00 00 00 00 00 00 FF FF FF 00 00 00 00 00 00 80 77 40 00 00 00 00 00 00 00 00

00 00 00 00 00 00 3C 40 00 00 00 00 00 00 00 00 00 00 00 00 00 00 00 00 00 00 00 00 FF FF FF 00 00 00 00 00 00 00 00 00 00 00 00 00 FF FF FF 00 ?? ?? ?? ?? ?? ?? ?? ?? 00 00 00